1.000000000 0.000000000 0.000000000 0.000000000 0.000000000 1.000000000 0.000000000 0.000000000 0.000000000 0.000000000 1.000000000 0.000000000
1.000000000 0.000000000 0.000000000 0.000000000 0.000000000 1.000000000 0.000000000 0.000000000 0.000000000 0.000000000 1.000000000 0.000000000
1.000000000 0.000000000 0.000000000 0.000000000 0.000000000 1.000000000 0.000000000 0.000000000 0.000000000 0.000000000 1.000000000 0.000000000
1.000000000 0.000000000 0.000000000 0.000000000 0.000000000 1.000000000 0.000000000 0.000000000 0.000000000 0.000000000 1.000000000 0.000000000
1.000000000 0.000000000 0.000000000 0.000000000 0.000000000 1.000000000 0.000000000 0.000000000 0.000000000 0.000000000 1.000000000 0.000000000
1.000000000 0.000000000 0.000000000 0.000000000 0.000000000 1.000000000 0.000000000 0.000000000 0.000000000 0.000000000 1.000000000 0.000000000
1.000000000 0.000000000 0.000000000 0.000000000 0.000000000 1.000000000 0.000000000 0.000000000 0.000000000 0.000000000 1.000000000 0.000000000
1.000000000 0.000000000 0.000000000 0.000000000 0.000000000 1.000000000 0.000000000 0.000000000 0.000000000 0.000000000 1.000000000 0.000000000
1.000000000 0.000000000 0.000000000 0.000000000 0.000000000 1.000000000 0.000000000 0.000000000 0.000000000 0.000000000 1.000000000 0.000000000
1.000000000 0.000000000 0.000000000 0.000000000 0.000000000 1.000000000 0.000000000 0.000000000 0.000000000 0.000000000 1.000000000 0.000000000
1.000000000 0.000000000 0.000000000 0.000000000 0.000000000 1.000000000 0.000000000 0.000000000 0.000000000 0.000000000 1.000000000 0.000000000
1.000000000 0.000000000 0.000000000 0.000000000 0.000000000 1.000000000 0.000000000 0.000000000 0.000000000 0.000000000 1.000000000 0.000000000
1.000000000 0.000000000 0.000000000 0.000000000 0.000000000 1.000000000 0.000000000 0.000000000 0.000000000 0.000000000 1.000000000 0.000000000
1.000000000 0.000000000 0.000000000 0.000000000 0.000000000 1.000000000 0.000000000 0.000000000 0.000000000 0.000000000 1.000000000 0.000000000
1.000000000 0.000000000 0.000000000 0.000000000 0.000000000 1.000000000 0.000000000 0.000000000 0.000000000 0.000000000 1.000000000 0.000000000
1.000000000 0.000000000 0.000000000 0.000000000 0.000000000 1.000000000 0.000000000 0.000000000 0.000000000 0.000000000 1.000000000 0.000000000
1.000000000 0.000000000 0.000000000 0.000000000 0.000000000 1.000000000 0.000000000 0.000000000 0.000000000 0.000000000 1.000000000 0.000000000
1.000000000 0.000000000 0.000000000 0.000000000 0.000000000 1.000000000 0.000000000 0.000000000 0.000000000 0.000000000 1.000000000 0.000000000
1.000000000 0.000000000 0.000000000 0.000000000 0.000000000 1.000000000 0.000000000 0.000000000 0.000000000 0.000000000 1.000000000 0.000000000
1.000000000 0.000000000 0.000000000 0.000000000 0.000000000 1.000000000 0.000000000 0.000000000 0.000000000 0.000000000 1.000000000 0.000000000
1.000000000 0.000000000 0.000000000 0.000000000 0.000000000 1.000000000 0.000000000 0.000000000 0.000000000 0.000000000 1.000000000 0.000000000
1.000000000 0.000000000 0.000000000 0.000000000 0.000000000 1.000000000 0.000000000 0.000000000 0.000000000 0.000000000 1.000000000 0.000000000
1.000000000 0.000000000 0.000000000 0.000000000 0.000000000 1.000000000 0.000000000 0.000000000 0.000000000 0.000000000 1.000000000 0.000000000
1.000000000 0.000000000 0.000000000 0.000000000 0.000000000 1.000000000 0.000000000 0.000000000 0.000000000 0.000000000 1.000000000 0.000000000
1.000000000 0.000000000 0.000000000 0.000000000 0.000000000 1.000000000 0.000000000 0.000000000 0.000000000 0.000000000 1.000000000 0.000000000
1.000000000 0.000000000 0.000000000 0.000000000 0.000000000 1.000000000 0.000000000 0.000000000 0.000000000 0.000000000 1.000000000 0.000000000
1.000000000 0.000000000 0.000000000 0.000000000 0.000000000 1.000000000 0.000000000 0.000000000 0.000000000 0.000000000 1.000000000 0.000000000
1.000000000 0.000000000 0.000000000 0.000000000 0.000000000 1.000000000 0.000000000 0.000000000 0.000000000 0.000000000 1.000000000 0.000000000
1.000000000 0.000000000 0.000000000 0.000000000 0.000000000 1.000000000 0.000000000 0.000000000 0.000000000 0.000000000 1.000000000 0.000000000
1.000000000 0.000000000 0.000000000 0.000000000 0.000000000 1.000000000 0.000000000 0.000000000 0.000000000 0.000000000 1.000000000 0.000000000
1.000000000 0.000000000 0.000000000 0.000000000 0.000000000 1.000000000 0.000000000 0.000000000 0.000000000 0.000000000 1.000000000 0.000000000
1.000000000 0.000000000 0.000000000 0.000000000 0.000000000 1.000000000 0.000000000 0.000000000 0.000000000 0.000000000 1.000000000 0.000000000
1.000000000 0.000000000 0.000000000 0.000000000 0.000000000 1.000000000 0.000000000 0.000000000 0.000000000 0.000000000 1.000000000 0.000000000
1.000000000 0.000000000 0.000000000 0.000000000 0.000000000 1.000000000 0.000000000 0.000000000 0.000000000 0.000000000 1.000000000 0.000000000
1.000000000 0.000000000 0.000000000 0.000000000 0.000000000 1.000000000 0.000000000 0.000000000 0.000000000 0.000000000 1.000000000 0.000000000
1.000000000 0.000000000 0.000000000 0.000000000 0.000000000 1.000000000 0.000000000 0.000000000 0.000000000 0.000000000 1.000000000 0.000000000
1.000000000 0.000000000 0.000000000 0.000000000 0.000000000 1.000000000 0.000000000 0.000000000 0.000000000 0.000000000 1.000000000 0.000000000
1.000000000 0.000000000 0.000000000 0.000000000 0.000000000 1.000000000 0.000000000 0.000000000 0.000000000 0.000000000 1.000000000 0.000000000
1.000000000 0.000000000 0.000000000 0.000000000 0.000000000 1.000000000 0.000000000 0.000000000 0.000000000 0.000000000 1.000000000 0.000000000
1.000000000 0.000000000 0.000000000 0.000000000 0.000000000 1.000000000 0.000000000 0.000000000 0.000000000 0.000000000 1.000000000 0.000000000
1.000000000 0.000000000 0.000000000 0.000000000 0.000000000 1.000000000 0.000000000 0.000000000 0.000000000 0.000000000 1.000000000 0.000000000
1.000000000 0.000000000 0.000000000 0.000000000 0.000000000 1.000000000 0.000000000 0.000000000 0.000000000 0.000000000 1.000000000 0.000000000
1.000000000 0.000000000 0.000000000 0.000000000 0.000000000 1.000000000 0.000000000 0.000000000 0.000000000 0.000000000 1.000000000 0.000000000
1.000000000 0.000000000 0.000000000 0.000000000 0.000000000 1.000000000 0.000000000 0.000000000 0.000000000 0.000000000 1.000000000 0.000000000
1.000000000 0.000000000 0.000000000 0.000000000 0.000000000 1.000000000 0.000000000 0.000000000 0.000000000 0.000000000 1.000000000 0.000000000
1.000000000 0.000000000 0.000000000 0.000000000 0.000000000 1.000000000 0.000000000 0.000000000 0.000000000 0.000000000 1.000000000 0.000000000
1.000000000 0.000000000 0.000000000 0.000000000 0.000000000 1.000000000 0.000000000 0.000000000 0.000000000 0.000000000 1.000000000 0.000000000
1.000000000 0.000000000 0.000000000 0.000000000 0.000000000 1.000000000 0.000000000 0.000000000 0.000000000 0.000000000 1.000000000 0.000000000
1.000000000 0.000000000 0.000000000 0.000000000 0.000000000 1.000000000 0.000000000 0.000000000 0.000000000 0.000000000 1.000000000 0.000000000
1.000000000 0.000000000 0.000000000 0.000000000 0.000000000 1.000000000 0.000000000 0.000000000 0.000000000 0.000000000 1.000000000 0.000000000
1.000000000 0.000000000 0.000000000 0.000000000 0.000000000 1.000000000 0.000000000 0.000000000 0.000000000 0.000000000 1.000000000 0.000000000
1.000000000 0.000000000 0.000000000 0.000000000 0.000000000 1.000000000 0.000000000 0.000000000 0.000000000 0.000000000 1.000000000 0.000000000
1.000000000 0.000000000 0.000000000 0.000000000 0.000000000 1.000000000 0.000000000 0.000000000 0.000000000 0.000000000 1.000000000 0.000000000
1.000000000 0.000000000 0.000000000 0.000000000 0.000000000 1.000000000 0.000000000 0.000000000 0.000000000 0.000000000 1.000000000 0.000000000
1.000000000 0.000000000 0.000000000 0.000000000 0.000000000 1.000000000 0.000000000 0.000000000 0.000000000 0.000000000 1.000000000 0.000000000
1.000000000 0.000000000 0.000000000 0.000000000 0.000000000 1.000000000 0.000000000 0.000000000 0.000000000 0.000000000 1.000000000 0.000000000
1.000000000 0.000000000 0.000000000 0.000000000 0.000000000 1.000000000 0.000000000 0.000000000 0.000000000 0.000000000 1.000000000 0.000000000
1.000000000 0.000000000 0.000000000 0.000000000 0.000000000 1.000000000 0.000000000 0.000000000 0.000000000 0.000000000 1.000000000 0.000000000
1.000000000 0.000000000 0.000000000 0.000000000 0.000000000 1.000000000 0.000000000 0.000000000 0.000000000 0.000000000 1.000000000 0.000000000
1.000000000 0.000000000 0.000000000 0.000000000 0.000000000 1.000000000 0.000000000 0.000000000 0.000000000 0.000000000 1.000000000 0.000000000
1.000000000 0.000000000 0.000000000 0.000000000 0.000000000 1.000000000 0.000000000 0.000000000 0.000000000 0.000000000 1.000000000 0.000000000
1.000000000 0.000000000 0.000000000 0.000000000 0.000000000 1.000000000 0.000000000 0.000000000 0.000000000 0.000000000 1.000000000 0.000000000
1.000000000 0.000000000 0.000000000 0.000000000 0.000000000 1.000000000 0.000000000 0.000000000 0.000000000 0.000000000 1.000000000 0.000000000
1.000000000 0.000000000 0.000000000 0.000000000 0.000000000 1.000000000 0.000000000 0.000000000 0.000000000 0.000000000 1.000000000 0.000000000
1.000000000 0.000000000 0.000000000 0.000000000 0.000000000 1.000000000 0.000000000 0.000000000 0.000000000 0.000000000 1.000000000 0.000000000
1.000000000 0.000000000 0.000000000 0.000000000 0.000000000 1.000000000 0.000000000 0.000000000 0.000000000 0.000000000 1.000000000 0.000000000
1.000000000 0.000000000 0.000000000 0.000000000 0.000000000 1.000000000 0.000000000 0.000000000 0.000000000 0.000000000 1.000000000 0.000000000
1.000000000 0.000000000 0.000000000 0.000000000 0.000000000 1.000000000 0.000000000 0.000000000 0.000000000 0.000000000 1.000000000 0.000000000
1.000000000 0.000000000 0.000000000 0.000000000 0.000000000 1.000000000 0.000000000 0.000000000 0.000000000 0.000000000 1.000000000 0.000000000
1.000000000 0.000000000 0.000000000 0.000000000 0.000000000 1.000000000 0.000000000 0.000000000 0.000000000 0.000000000 1.000000000 0.000000000
1.000000000 0.000000000 0.000000000 0.000000000 0.000000000 1.000000000 0.000000000 0.000000000 0.000000000 0.000000000 1.000000000 0.000000000
1.000000000 0.000000000 0.000000000 0.000000000 0.000000000 1.000000000 0.000000000 0.000000000 0.000000000 0.000000000 1.000000000 0.000000000
1.000000000 0.000000000 0.000000000 0.000000000 0.000000000 1.000000000 0.000000000 0.000000000 0.000000000 0.000000000 1.000000000 0.000000000
0.999524117 -0.029432343 0.009232591 0.016422227 0.029692005 0.999127328 -0.029376144 -0.000395306 -0.008359925 0.029636297 0.999525785 -0.064239047
0.999496639 -0.028168565 0.014594692 0.029030368 0.028704325 0.998869121 -0.037901871 0.001678369 -0.013510546 0.038301725 0.999174893 -0.088249177
0.999449432 -0.025367059 0.021386974 0.036444411 0.026300346 0.998660922 -0.044549342 0.002525996 -0.020228250 0.045087297 0.998778224 -0.105058707
0.999418497 -0.022812176 0.025342895 0.041321777 0.024059143 0.998457372 -0.050040279 0.003395979 -0.024162272 0.050620906 0.998425603 -0.115595303
0.999519229 -0.017829260 0.025365418 0.041582480 0.019289516 0.998098731 -0.058539644 0.005227217 -0.024273474 0.059000786 0.997962773 -0.117597073
0.999602795 -0.009273789 0.026612803 0.041236185 0.011086994 0.997567832 -0.068814859 0.003211900 -0.025909903 0.069082581 0.997274399 -0.123011835
0.999485612 0.003083044 0.031922169 0.045169823 -0.000496210 0.996735990 -0.080728434 0.002826748 -0.032066863 0.080671065 0.996224821 -0.137271240
0.998945951 0.023256380 0.039574761 0.055873636 -0.019514456 0.995526612 -0.092444211 0.000167811 -0.041547645 0.091574490 0.994931102 -0.162702560
0.998266041 0.035477400 0.046970904 0.058270901 -0.030661719 0.994560242 -0.099547975 -0.001470417 -0.050247096 0.097935155 0.993923485 -0.175382823
0.997345924 0.053224709 0.049681429 0.053609736 -0.047398914 0.992592931 -0.111859813 -0.005265136 -0.055267140 0.109208085 0.992481291 -0.179992869
0.996860385 0.062770717 0.048262049 0.049137339 -0.056433085 0.990798295 -0.123020343 -0.005749912 -0.055540033 0.119910531 0.991229951 -0.185055912
0.996267378 0.071152799 0.048873596 0.047332276 -0.063574694 0.987801254 -0.142151028 -0.011068345 -0.058391839 0.138513312 0.988637686 -0.200957477
0.996385515 0.069921777 0.048237514 0.041265309 -0.061935637 0.986621201 -0.150806546 -0.014914088 -0.058136813 0.147273839 0.987385690 -0.202223331
0.996942818 0.067985035 0.038510602 0.027087500 -0.060508572 0.983589292 -0.169973046 -0.020451194 -0.049434237 0.167123184 0.984695911 -0.190742835
0.997552276 0.067266166 0.019098246 0.008527819 -0.062582180 0.980692089 -0.185273990 -0.026913438 -0.031192170 0.183625281 0.982501328 -0.170457542
0.996952355 0.074987240 0.021515554 -0.044294465 -0.069287583 0.977847755 -0.197517052 -0.037543174 -0.035850193 0.195424333 0.980063319 -0.168520689
0.996241629 0.083701998 0.022284815 -0.050634962 -0.077510245 0.976319134 -0.201973051 -0.037610002 -0.038662639 0.199486658 0.979137540 -0.168572605
0.994829655 0.099290103 0.021341806 -0.059028137 -0.092767492 0.973951459 -0.206912532 -0.036560316 -0.041330248 0.203862891 0.978126645 -0.165328115
0.992898881 0.116170563 0.025616752 -0.081116609 -0.107969113 0.970418751 -0.215940028 -0.038033661 -0.049944848 0.211640790 0.976070523 -0.168251663
0.991027713 0.130979553 0.026615646 -0.085009359 -0.121927455 0.967528462 -0.221409917 -0.037745997 -0.054751564 0.216178194 0.974817574 -0.170284435
0.989487648 0.142133445 0.026688838 -0.087569408 -0.132600039 0.965334952 -0.224823698 -0.037935086 -0.057718631 0.218921334 0.974033892 -0.173732832
0.986708224 0.159778118 0.029628178 -0.089297242 -0.148786232 0.961596370 -0.230640560 -0.037683167 -0.065341666 0.223166674 0.972587824 -0.180165857
0.984969258 0.169852301 0.031395964 -0.095588110 -0.157884225 0.959040046 -0.235190958 -0.037204590 -0.070057712 0.226698950 0.971441984 -0.178660661
0.983385921 0.178855151 0.031032497 -0.097142994 -0.166467711 0.956703484 -0.238761276 -0.036935948 -0.072392583 0.229628563 0.970582306 -0.180608749
0.981591642 0.188267291 0.032145057 -0.100962855 -0.175134659 0.954399467 -0.241763294 -0.037197560 -0.076195337 0.231683120 0.969802678 -0.181494132
0.978829265 0.201680079 0.034906104 -0.100240581 -0.187318638 0.951420426 -0.244358033 -0.035187259 -0.082492530 0.232646227 0.969056606 -0.191369101
0.973103166 0.226946458 0.039566457 -0.125942379 -0.210154206 0.944876194 -0.251086056 -0.030784296 -0.094368488 0.236017585 0.967155755 -0.196925849
0.971684813 0.233393624 0.036825050 -0.132158965 -0.217399359 0.944160342 -0.247585848 -0.030468643 -0.092553712 0.232569665 0.968165874 -0.188472658
0.971466005 0.234409615 0.036137778 -0.133180052 -0.218769953 0.944457114 -0.245235473 -0.029867277 -0.091616139 0.230332062 0.968789756 -0.187121645
0.970758080 0.237376839 0.035790194 -0.135265186 -0.221939310 0.944275618 -0.243077129 -0.030218862 -0.091496684 0.228025839 0.969346464 -0.184231728
0.970416605 0.238764226 0.035822410 -0.135351926 -0.223346487 0.944120288 -0.242390677 -0.029640378 -0.091694884 0.227219135 0.969517171 -0.184387445
0.970230997 0.239527047 0.035757452 -0.133813411 -0.224040806 0.943785846 -0.243051425 -0.029593535 -0.091964759 0.227804899 0.969354093 -0.184638768
0.970321476 0.239118338 0.036036048 -0.132590234 -0.223458499 0.943595588 -0.244322792 -0.029456716 -0.092425518 0.229019091 0.969024122 -0.187722951
0.970009327 0.240075096 0.038024232 -0.133970529 -0.223775089 0.943102121 -0.245933056 -0.028484810 -0.094903134 0.230048493 0.968540728 -0.192539409
0.969510734 0.242122874 0.037755352 -0.134090453 -0.225626245 0.942123890 -0.247982591 -0.028584572 -0.095612481 0.231903180 0.968028486 -0.193898290
0.969093502 0.243714705 0.038222678 -0.134162813 -0.226907074 0.941399753 -0.249558926 -0.027725207 -0.096803993 0.233172938 0.967604995 -0.194746837
0.968712628 0.245196596 0.038398266 -0.133862481 -0.228163898 0.940722108 -0.250964552 -0.028009411 -0.097657748 0.234351456 0.967234373 -0.195876434
0.968387187 0.246487617 0.038342513 -0.134749353 -0.229262337 0.940010488 -0.252624333 -0.028307732 -0.098311134 0.235847667 0.966804445 -0.195641905
0.968558192 0.245949045 0.037471283 -0.136310533 -0.228899181 0.939974129 -0.253088623 -0.028614525 -0.097468935 0.236553922 0.966717124 -0.193614215
0.968915164 0.244717613 0.036285710 -0.137272626 -0.227979958 0.940181315 -0.253148675 -0.029403199 -0.096065082 0.237007171 0.966746688 -0.192143813
0.969502449 0.242541075 0.035196908 -0.138125196 -0.226201117 0.940813839 -0.252393395 -0.030189460 -0.094329491 0.236734435 0.966984391 -0.190265119
0.970499754 0.238585055 0.034748539 -0.138780221 -0.222566172 0.941951334 -0.251380265 -0.030148678 -0.092707001 0.236230627 0.967264473 -0.190541983
0.971618116 0.234098390 0.034003358 -0.136469230 -0.218411520 0.942988336 -0.251136214 -0.030888714 -0.090855345 0.236581758 0.967354298 -0.191489786
0.971510112 0.234561354 0.033898760 -0.140645146 -0.218435049 0.941700757 -0.255901933 -0.031693392 -0.091947190 0.241206631 0.966108203 -0.186555326
0.971179128 0.235964119 0.033645969 -0.138702258 -0.219612777 0.940731883 -0.258444875 -0.032062188 -0.092635550 0.243607178 0.965439916 -0.192221925
0.970827341 0.237421185 0.033547211 -0.138881549 -0.220927700 0.940079212 -0.259695977 -0.031281896 -0.093194366 0.244708464 0.965107560 -0.191623509
0.969780743 0.241447598 0.035047751 -0.141530216 -0.224211946 0.938610673 -0.262181222 -0.032000158 -0.096199207 0.246400177 0.964381993 -0.191088304
0.969311714 0.243236825 0.035646424 -0.141237602 -0.225720033 0.938039064 -0.262931913 -0.031604636 -0.097392462 0.246816874 0.964155674 -0.191738129
0.967558742 0.249900311 0.037147611 -0.142807543 -0.231523156 0.935881853 -0.265560150 -0.030218452 -0.101129331 0.248344526 0.963378370 -0.193293840
0.966321051 0.254613280 0.037359163 -0.141741812 -0.235713765 0.933991373 -0.268512905 -0.030985862 -0.103260078 0.250663608 0.962551355 -0.199334413
0.965651155 0.257136911 0.037396077 -0.142514601 -0.237979963 0.932979822 -0.270026356 -0.032590609 -0.104323521 0.251851737 0.962126434 -0.198154688
0.964978397 0.259572417 0.037932500 -0.143312827 -0.240070552 0.932108164 -0.271183521 -0.032156955 -0.105748944 0.252579749 0.961779952 -0.199397206
0.964712441 0.260536730 0.038085736 -0.143099368 -0.240958527 0.931866765 -0.271225721 -0.032213323 -0.106155090 0.252477765 0.961761951 -0.198740557
0.965065241 0.259200603 0.038264345 -0.143075302 -0.239709958 0.932419300 -0.270431757 -0.031995725 -0.105774477 0.251811951 0.961978436 -0.199192360
0.965086937 0.259143740 0.038102247 -0.145206273 -0.239704758 0.932443678 -0.270352334 -0.031855185 -0.105588317 0.251780212 0.962007165 -0.197519645
0.965360999 0.258323193 0.036705665 -0.144510433 -0.239348739 0.932758272 -0.269581497 -0.031772025 -0.103876665 0.251458019 0.962277770 -0.195816055
0.966152549 0.255343407 0.036728229 -0.145429239 -0.236687452 0.934038639 -0.267489851 -0.032096971 -0.102607355 0.249742895 0.962860465 -0.193790704
0.965916455 0.256305516 0.036234438 -0.142890170 -0.237796232 0.933904707 -0.266973644 -0.031095769 -0.102266319 0.249257818 0.963022411 -0.197991177
0.965564787 0.257644147 0.036113162 -0.143401220 -0.239103213 0.933523595 -0.267139226 -0.030847471 -0.102539331 0.249305457 0.962981045 -0.198070943
0.965299666 0.258819848 0.034769159 -0.144546106 -0.240537956 0.933050752 -0.267502815 -0.031298380 -0.101676412 0.249857068 0.962929547 -0.194743097
0.964993000 0.260138959 0.033409990 -0.145796597 -0.242068127 0.932419658 -0.268321842 -0.030904148 -0.100953087 0.250841230 0.962749779 -0.194682151
0.964831650 0.260887861 0.032209296 -0.146046102 -0.243089586 0.932141423 -0.268365055 -0.031676989 -0.100036800 0.251097381 0.962778687 -0.194406971
0.964411020 0.262571841 0.031102862 -0.146561891 -0.244939432 0.931501269 -0.268905342 -0.030694371 -0.099579319 0.251716971 0.962664306 -0.192813739
0.963421226 0.266586363 0.027408943 -0.148052692 -0.249689177 0.930065393 -0.269506395 -0.028894700 -0.097338833 0.252804458 0.962608457 -0.194607958
0.963224471 0.267644107 0.023774333 -0.145116463 -0.251753986 0.929867208 -0.268266588 -0.028462119 -0.093906932 0.252415687 0.963051319 -0.200692266
0.960521638 0.277802855 0.014959280 -0.146706745 -0.263811082 0.926578641 -0.268059164 -0.028176893 -0.088328548 0.253530204 0.963286281 -0.202649936
0.957064450 0.289487392 0.014989206 -0.148174658 -0.275027484 0.923164785 -0.268564045 -0.027833166 -0.091583408 0.252910644 0.963145196 -0.206851959
0.956779003 0.290519416 0.013130210 -0.150663912 -0.276592463 0.923003137 -0.267510325 -0.028045133 -0.089836173 0.252316564 0.963465512 -0.201950714
0.955453694 0.295030832 0.008067624 -0.156119734 -0.282161534 0.921110928 -0.268215537 -0.028976850 -0.086563021 0.253991157 0.963325143 -0.192794114
0.948177695 0.317740113 0.000484487 -0.163672149 -0.305751592 0.912815213 -0.270710856 -0.028895352 -0.086457953 0.256533861 0.962660551 -0.193792507
0.944479346 0.328554571 -0.003261282 -0.168604299 -0.316882133 0.908211589 -0.273381501 -0.027015021 -0.086858802 0.259236634 0.961900175 -0.193408430
0.942314982 0.334683597 -0.005421341 -0.168084949 -0.323251426 0.905683875 -0.274308681 -0.027445234 -0.086896598 0.260237634 0.961626410 -0.199735612
0.940408409 0.339956284 -0.007857586 -0.169619098 -0.328859508 0.903347611 -0.275344342 -0.026988097 -0.086506903 0.261520207 0.961313546 -0.201335266
0.938677549 0.344656229 -0.009826181 -0.171068549 -0.333828330 0.901318371 -0.276014239 -0.026839472 -0.086273514 0.262368619 0.961103320 -0.201043352
0.936675072 0.350020587 -0.011199769 -0.172355458 -0.339260995 0.899022400 -0.276876688 -0.025995623 -0.086843692 0.263143152 0.960840166 -0.201678127
0.932838023 0.360014260 -0.014247458 -0.177566156 -0.349569440 0.894780695 -0.277792633 -0.025181722 -0.087260954 0.264115989 0.960535407 -0.203024164
0.930477440 0.365915716 -0.017816782 -0.178693011 -0.356117636 0.892006814 -0.278395504 -0.024625825 -0.085976586 0.265385598 0.960301280 -0.205793709
0.928331673 0.371218592 -0.019927857 -0.180571347 -0.361707538 0.889570236 -0.278984755 -0.024465136 -0.085837089 0.266198426 0.960088730 -0.205781147
0.926661909 0.375364691 -0.019975375 -0.182069957 -0.365532011 0.887447357 -0.280755371 -0.024992345 -0.087658562 0.267466962 0.959571481 -0.207352072
0.925492167 0.378229052 -0.020174911 -0.182833895 -0.368132055 0.885696948 -0.282877654 -0.024329145 -0.089123674 0.269228101 0.958943784 -0.205272049
0.925463855 0.378246009 -0.021132618 -0.182012498 -0.368441850 0.885693431 -0.282485038 -0.024711940 -0.088131808 0.269215852 0.959038913 -0.205711961
0.925516188 0.378089666 -0.021634055 -0.183241814 -0.368431747 0.885714173 -0.282433212 -0.024647839 -0.087623462 0.269367158 0.959043026 -0.206242800
0.925310612 0.378599077 -0.021519404 -0.184166238 -0.368945360 0.885698497 -0.281811237 -0.025243094 -0.087633751 0.268702388 0.959228516 -0.204545364
0.926388741 0.375930011 -0.021920696 -0.182628855 -0.366599232 0.887028098 -0.280688673 -0.024044376 -0.086075015 0.268062949 0.959548533 -0.204354703
0.926613688 0.375304759 -0.023094635 -0.182261229 -0.366381496 0.887356639 -0.279933512 -0.024434660 -0.084567197 0.267851681 0.959741592 -0.203828245
0.927260756 0.373689890 -0.023309810 -0.181451559 -0.365006089 0.888332844 -0.278631210 -0.024834663 -0.083414793 0.266872019 0.960115254 -0.206255138
0.926705122 0.375035316 -0.023794807 -0.181551680 -0.366349369 0.887509525 -0.279490620 -0.024615075 -0.083700739 0.267722607 0.959853530 -0.205068231
0.927260399 0.373554826 -0.025395637 -0.178580344 -0.365584075 0.888654113 -0.276843280 -0.023268720 -0.080848195 0.265990049 0.960579455 -0.206833825
0.927828670 0.372187108 -0.024713041 -0.178531900 -0.364226431 0.889707267 -0.275245547 -0.024659662 -0.080455467 0.264381856 0.961056292 -0.206569478
0.928234637 0.371079266 -0.026089178 -0.177042723 -0.363663197 0.890448868 -0.273587048 -0.023820754 -0.078291401 0.263440669 0.961493373 -0.209487423
0.927969337 0.371766031 -0.025747566 -0.179294392 -0.364168197 0.890002370 -0.274367213 -0.023656679 -0.079085007 0.263980836 0.961280227 -0.205036268
0.927672863 0.372473329 -0.026203940 -0.176946670 -0.364990801 0.889755607 -0.274074197 -0.023501877 -0.078770220 0.263815403 0.961351514 -0.208804727
0.927624762 0.372622877 -0.025777955 -0.177799419 -0.365014136 0.889716148 -0.274171263 -0.023316996 -0.079227418 0.263737351 0.961335301 -0.209879309
0.927592814 0.372629881 -0.026806369 -0.178718790 -0.365260988 0.889498770 -0.274547607 -0.023832476 -0.078460410 0.264459699 0.961199760 -0.207272381
0.927633464 0.372498780 -0.027218265 -0.177501336 -0.365159363 0.889219105 -0.275586724 -0.023039546 -0.078452699 0.265582472 0.960890830 -0.208403915
0.927416563 0.373095423 -0.026425213 -0.177169070 -0.365488529 0.888960779 -0.275983483 -0.023089597 -0.079477191 0.265609771 0.960799038 -0.209392518
0.928317130 0.370781362 -0.027359715 -0.177716300 -0.363658369 0.890246630 -0.274250895 -0.024580449 -0.077330209 0.264541388 0.961268902 -0.207148641
0.929194629 0.368521482 -0.028093595 -0.175408036 -0.361763835 0.891324937 -0.273252368 -0.023318153 -0.075658813 0.264067888 0.961532056 -0.209920898
0.930385053 0.365526140 -0.027825750 -0.176752284 -0.358873010 0.892701149 -0.272570878 -0.023788523 -0.074791700 0.263581812 0.961733222 -0.205970943
0.930068970 0.366416693 -0.026656816 -0.177801535 -0.359351844 0.892243922 -0.273435622 -0.023798160 -0.076406993 0.263893157 0.961520851 -0.204943985
0.930242002 0.366027802 -0.025951311 -0.179381594 -0.358730316 0.892253757 -0.274218500 -0.024005916 -0.077216417 0.264399081 0.961317182 -0.198435977
0.931067765 0.364075899 -0.023697658 -0.177925497 -0.356311589 0.893400729 -0.273636937 -0.024074681 -0.078453101 0.263218284 0.961541057 -0.204530060
0.932693839 0.359901935 -0.023513163 -0.179948822 -0.352316141 0.895205081 -0.272912443 -0.024064980 -0.077172600 0.262827814 0.961751521 -0.196806461
0.934451282 0.355354965 -0.022882812 -0.175228268 -0.348033279 0.897825599 -0.269781590 -0.024945199 -0.075323440 0.260061741 0.962649584 -0.203388855
0.936211109 0.350764126 -0.021755654 -0.174047709 -0.343426704 0.899971843 -0.268530816 -0.024680844 -0.074611485 0.258873016 0.963025391 -0.199993819
0.942255139 0.334595531 -0.014178719 -0.170821548 -0.326395422 0.908036828 -0.262555033 -0.025810737 -0.074974924 0.252021700 0.964812875 -0.197336361
0.951581419 0.307359010 -0.004822466 -0.169042960 -0.298572689 0.920419574 -0.252353281 -0.027399432 -0.073124364 0.241574541 0.967623174 -0.181233108
0.956560552 0.291375399 0.009604559 -0.162446469 -0.279871702 0.927022517 -0.249601930 -0.025717378 -0.081631504 0.236071318 0.968300879 -0.183022723
0.959248543 0.282233864 0.013648899 -0.161168545 -0.270252734 0.930486917 -0.247300655 -0.027971171 -0.082496732 0.233534142 0.968842685 -0.181122944
0.961745143 0.273514569 0.015364805 -0.159720644 -0.261563063 0.933499455 -0.245282486 -0.026991516 -0.081431367 0.231880382 0.969329894 -0.182924524
0.963818252 0.265941799 0.018147916 -0.156258613 -0.253815800 0.936407447 -0.242319405 -0.026923416 -0.081436701 0.228945643 0.970026791 -0.185665950
0.968841493 0.246558622 0.023558991 -0.155144349 -0.234336451 0.943284810 -0.235159889 -0.027884988 -0.080203526 0.222311929 0.971671164 -0.174827188
0.970017612 0.241634235 0.026052967 -0.150700495 -0.229193807 0.945163369 -0.232672334 -0.027298469 -0.080845907 0.219725072 0.972206175 -0.181017831
0.971127987 0.236717924 0.029582221 -0.149712980 -0.223869607 0.947137296 -0.229811564 -0.027364977 -0.082418941 0.216553882 0.972785473 -0.177614093
0.972250402 0.231650308 0.032669343 -0.148422688 -0.218528718 0.949143171 -0.226654947 -0.027188038 -0.083512567 0.213226169 0.973427057 -0.177768409
0.974025309 0.220514759 0.051457737 -0.130664557 -0.204578862 0.954384863 -0.217478678 -0.028195707 -0.097067744 0.201302573 0.974707723 -0.207889184
0.975250542 0.213892028 0.056004815 -0.124419682 -0.197574750 0.956754744 -0.213505328 -0.027599916 -0.099249959 0.197156057 0.975335300 -0.220179573
0.974893212 0.213261917 0.064051636 -0.124615736 -0.195797861 0.957994580 -0.209546000 -0.026298022 -0.106049307 0.191743806 0.975698650 -0.210263848
0.973997593 0.216345832 0.067254893 -0.129877582 -0.198100865 0.957305074 -0.210530370 -0.027018862 -0.109930813 0.191732824 0.975271106 -0.199408293
0.973779500 0.216224551 0.070713788 -0.129998654 -0.197496176 0.957773685 -0.208961368 -0.026615057 -0.112910382 0.189516589 0.975363910 -0.198718563
0.973802686 0.214891955 0.074362859 -0.130171150 -0.195745453 0.958601594 -0.206801236 -0.026523890 -0.115724280 0.186827406 0.975552857 -0.194088802
0.973919868 0.213330880 0.077265613 -0.132263690 -0.193899453 0.959398389 -0.204835922 -0.026522104 -0.117826328 0.184512019 0.975741923 -0.187705427
0.973721743 0.213211313 0.080043152 -0.129973590 -0.193562299 0.959978640 -0.202421889 -0.026461026 -0.119998351 0.181609273 0.976021767 -0.191125214
0.972602665 0.213797539 0.091294341 -0.124366030 -0.193037987 0.961558640 -0.195298105 -0.025459262 -0.129539117 0.172324181 0.976485550 -0.195434973
0.972725630 0.212114945 0.093872681 -0.130467191 -0.191210806 0.962352574 -0.193173438 -0.026095770 -0.131313592 0.169955283 0.976663709 -0.180364549
0.972573876 0.211905628 0.095895864 -0.136787221 -0.190832511 0.962687194 -0.191875950 -0.026067737 -0.132977307 0.168313488 0.976722896 -0.163028002
0.972221255 0.212176353 0.098828278 -0.136512980 -0.190981895 0.963200271 -0.189132765 -0.026218666 -0.135320917 0.165004492 0.976965606 -0.161751822
0.972282529 0.210536584 0.101690672 -0.134804070 -0.189376011 0.964204788 -0.185596019 -0.026427429 -0.137125373 0.161194012 0.977350056 -0.162043139
0.971942306 0.207021728 0.111669995 -0.142295629 -0.186628401 0.967680991 -0.169597492 -0.026702952 -0.143171296 0.143998191 0.979166210 -0.136471480
0.971840680 0.207015216 0.112562828 -0.142442152 -0.186983570 0.968194485 -0.166242704 -0.026620544 -0.143397480 0.140514016 0.979639232 -0.135390297
0.971601963 0.208176553 0.112481542 -0.141859710 -0.188496396 0.968302488 -0.163888261 -0.025964692 -0.143033847 0.138031796 0.980045199 -0.134653136
0.971518815 0.208399788 0.112786315 -0.142803922 -0.189054564 0.968628883 -0.161296114 -0.025513532 -0.142862156 0.135379449 0.980440140 -0.132752404
0.971868992 0.206994474 0.112356298 -0.141437694 -0.188236475 0.969383955 -0.157676280 -0.025557341 -0.141554505 0.132091135 0.981078088 -0.133517206
0.971972108 0.206345603 0.112657338 -0.143539876 -0.187870234 0.969814718 -0.155448183 -0.025065821 -0.141332790 0.129926339 0.981399119 -0.129342183
0.972280025 0.205194682 0.112101123 -0.143496692 -0.187160417 0.970357478 -0.152896449 -0.024878943 -0.140151709 0.127677277 0.981863558 -0.127082989
0.972321510 0.205180034 0.111768015 -0.144605026 -0.187441215 0.970581055 -0.151123166 -0.024603290 -0.139487371 0.125990361 0.982176006 -0.124148704
0.972627521 0.204617098 0.110124901 -0.146531358 -0.187602550 0.971113265 -0.147459581 -0.025044199 -0.137116507 0.122763544 0.982918203 -0.117685013
0.973146021 0.203832254 0.106954575 -0.147410691 -0.187649041 0.971583545 -0.144268170 -0.024121568 -0.133321807 0.120324068 0.983741522 -0.112931676
0.973525882 0.203255475 0.104568481 -0.149402842 -0.187595204 0.971849322 -0.142537385 -0.024379255 -0.130596310 0.119147286 0.984250247 -0.107814513
0.974402726 0.203265518 0.096033767 -0.146362856 -0.189972997 0.972913265 -0.131719425 -0.021105440 -0.120206542 0.110103935 0.986624300 -0.114535794
0.974011660 0.207369223 0.091100775 -0.144284889 -0.195111796 0.972456753 -0.127511963 -0.021248700 -0.115033619 0.106423303 0.987644315 -0.121359050
0.973976910 0.208476394 0.088918671 -0.146222576 -0.196637973 0.972361326 -0.125884920 -0.020637091 -0.112705104 0.105124213 0.988051832 -0.117893487
0.973555923 0.211076483 0.087381937 -0.148771137 -0.199459687 0.971858501 -0.125327095 -0.020625774 -0.111376479 0.104583763 0.988259852 -0.111790784
0.972905099 0.214241520 0.086926833 -0.149142683 -0.202746227 0.971268594 -0.124624610 -0.020397538 -0.111129060 0.103623830 0.988388836 -0.114345565
0.971252739 0.222830087 0.083754711 -0.152446404 -0.211712703 0.969425917 -0.124061204 -0.020485377 -0.108838558 0.102762856 0.988733530 -0.109397061
0.969280183 0.232674196 0.079741001 -0.157556698 -0.222155496 0.967327952 -0.122162044 -0.019328047 -0.105559655 0.100694343 0.989301682 -0.103570297
0.967553616 0.241293222 0.074950181 -0.160883829 -0.231214598 0.965168774 -0.122429907 -0.019033212 -0.101881072 0.101127923 0.989643037 -0.099350348
0.964785695 0.252931714 0.072209030 -0.167454660 -0.242969021 0.962109625 -0.123738080 -0.018450420 -0.100770287 0.101836167 0.989684165 -0.089498863
0.962966263 0.259896517 0.071762055 -0.171303153 -0.249930918 0.960287511 -0.124025770 -0.018172713 -0.101146072 0.101497076 0.989680648 -0.086035237
0.961860061 0.264313877 0.070451900 -0.172219545 -0.254366517 0.958990216 -0.125041753 -0.017581858 -0.100612953 0.102352068 0.989646971 -0.086691223
0.961831331 0.265201867 0.067442253 -0.172295272 -0.255668104 0.958782315 -0.123976819 -0.017912015 -0.097541325 0.102001950 0.989990532 -0.086323261
0.960657895 0.270415097 0.063340895 -0.177345306 -0.261143357 0.957110405 -0.125474617 -0.018504109 -0.094554454 0.103997126 0.990072727 -0.076825753
0.959213853 0.277063936 0.056074873 -0.179318637 -0.268644392 0.955199838 -0.124191314 -0.019151658 -0.087971643 0.104061827 0.990672588 -0.077858597
0.958237052 0.280781627 0.054253954 -0.181729436 -0.272478819 0.954026580 -0.124854483 -0.019344147 -0.086816549 0.104857139 0.990690589 -0.071979702
0.956649661 0.287073970 0.049091082 -0.185252756 -0.279162139 0.951893151 -0.126364321 -0.018487886 -0.083005369 0.107182018 0.990768433 -0.070103578
0.955885768 0.290013313 0.046633970 -0.187819585 -0.282318801 0.950908363 -0.126765266 -0.019484008 -0.081108242 0.108007461 0.990835905 -0.063839063
0.955426753 0.291796863 0.044881534 -0.189695284 -0.284295171 0.950339139 -0.126616880 -0.020280633 -0.079599075 0.108213551 0.990935802 -0.061429936
0.954361200 0.295465261 0.043531381 -0.191661730 -0.288037956 0.949122965 -0.127278119 -0.020693302 -0.078922890 0.108930618 0.990911365 -0.057357293
0.953483403 0.298414469 0.042640325 -0.197418094 -0.291024774 0.948137403 -0.127828151 -0.020979993 -0.078574657 0.109472632 0.990879297 -0.050425339
0.953366339 0.299085319 0.040504690 -0.198259741 -0.291999161 0.947963357 -0.126893297 -0.021230027 -0.076348886 0.109148458 0.991089046 -0.047851104
0.949755132 0.310544491 0.039080713 -0.201920837 -0.303258508 0.943911672 -0.130633071 -0.021169921 -0.077456124 0.112217873 0.990660250 -0.043546818
0.947500765 0.317952335 0.033891674 -0.208090320 -0.311067402 0.941106796 -0.132495567 -0.022963032 -0.074022949 0.114997052 0.990603983 -0.027366260
0.945391119 0.324275821 0.032875743 -0.209509343 -0.317358822 0.938802183 -0.133917332 -0.021316774 -0.074289970 0.116170853 0.990447044 -0.046865266
0.943564534 0.329866946 0.029560646 -0.212652579 -0.323151886 0.936536312 -0.135914043 -0.020800946 -0.072518162 0.118691094 0.990279555 -0.044894863
0.941737056 0.335221589 0.027527479 -0.214123502 -0.328554958 0.934343576 -0.138035253 -0.020780247 -0.071992517 0.120948628 0.990044713 -0.044483755
0.937168956 0.348173946 0.022118963 -0.217356712 -0.341761053 0.928948641 -0.142315894 -0.021214072 -0.070098065 0.125814632 0.989574134 -0.043269314
0.933022857 0.359219283 0.020733450 -0.217310280 -0.352602810 0.924277425 -0.146227434 -0.020033894 -0.071691170 0.129122868 0.989033699 -0.052750170
0.931327224 0.363669366 0.019343790 -0.220944896 -0.357028723 0.922218323 -0.148471683 -0.019846162 -0.071833797 0.131369427 0.988727450 -0.050235599
0.929825425 0.367675960 0.015462942 -0.221021056 -0.361376375 0.920217574 -0.150355473 -0.018960975 -0.069511361 0.134216398 0.988511086 -0.051660657
0.926346779 0.376466095 0.012446223 -0.222600818 -0.370163679 0.915960073 -0.154906362 -0.017776148 -0.069717236 0.138889879 0.987850726 -0.060326152
0.925182521 0.379393280 0.009900053 -0.223449633 -0.373364002 0.914540291 -0.155613050 -0.018617069 -0.068092540 0.140274152 0.987768471 -0.060277134
0.924074292 0.382131070 0.007912973 -0.225290984 -0.376240760 0.913085878 -0.157216758 -0.017670814 -0.067302622 0.142302766 0.987532437 -0.061871260
0.922545016 0.385825843 0.007008172 -0.226057023 -0.379884571 0.911230683 -0.159205422 -0.016264984 -0.067811623 0.144211873 0.987220585 -0.069958344
0.920885384 0.389800280 0.005082700 -0.227001086 -0.383993089 0.909260392 -0.160607681 -0.016222300 -0.067226417 0.145949543 0.987005234 -0.071415156
0.920334756 0.391120434 0.002954760 -0.229337111 -0.385564476 0.908479452 -0.161261052 -0.015506999 -0.065756828 0.147274897 0.986907363 -0.068709552
0.918239117 0.396022558 0.001731941 -0.230831891 -0.390432149 0.905992091 -0.163526803 -0.014397694 -0.066329427 0.149480507 0.986537397 -0.071330123
0.915053308 0.403320283 -0.003189962 -0.234187126 -0.398165017 0.902038574 -0.166706592 -0.014685087 -0.064358681 0.153815553 0.986001372 -0.070096716
0.911885440 0.410235375 -0.013111009 -0.240173846 -0.406372756 0.897889256 -0.169280887 -0.015323275 -0.057672776 0.159692734 0.985480607 -0.065936722
0.900617540 0.433894366 -0.024974613 -0.253705651 -0.430957586 0.884131193 -0.180520266 -0.014543077 -0.056245890 0.173342705 0.983254135 -0.067795001
0.890559971 0.453974843 -0.028457014 -0.261106223 -0.450779080 0.872462392 -0.188699797 -0.013578949 -0.060837261 0.180876315 0.981622458 -0.068218097
0.887385428 0.460028231 -0.030350707 -0.263992250 -0.456925124 0.868816018 -0.190730572 -0.013300534 -0.061372250 0.183119535 0.981173098 -0.068449959
0.884615481 0.465239942 -0.031737223 -0.265645593 -0.462164134 0.865629315 -0.192588285 -0.013005802 -0.062127091 0.185034379 0.980766296 -0.070902728
0.881344736 0.471364617 -0.032355800 -0.268046618 -0.468125910 0.861915052 -0.194834739 -0.013159007 -0.063950241 0.186863154 0.980302274 -0.072585218
0.878681421 0.476178885 -0.034244232 -0.270075113 -0.473082960 0.858843029 -0.196420923 -0.013950733 -0.064121075 0.188791767 0.979921520 -0.072050259
0.875501156 0.481895596 -0.035697874 -0.273188680 -0.478746295 0.855007768 -0.199408561 -0.013383104 -0.065572158 0.191672653 0.979265988 -0.072249867
0.872269392 0.487611592 -0.037163138 -0.275894821 -0.484408885 0.851117969 -0.202351823 -0.013012383 -0.067038871 0.194507465 0.978607476 -0.071326755
0.870026708 0.491616547 -0.036968697 -0.279342800 -0.488124222 0.848463893 -0.204557344 -0.012678823 -0.069197170 0.196015671 0.978156209 -0.072043501
0.867079020 0.496741921 -0.037702717 -0.280458301 -0.493113846 0.845059812 -0.206670433 -0.012708081 -0.070800811 0.197791323 0.977683902 -0.071413577
0.865291297 0.499807537 -0.038255263 -0.281197369 -0.496153712 0.843087494 -0.207448810 -0.012519883 -0.071431935 0.198484138 0.977497578 -0.073846020
0.856113672 0.515155315 -0.041041970 -0.290172517 -0.511119783 0.832319975 -0.214476138 -0.011254895 -0.076328456 0.204593316 0.975866556 -0.077572569
0.846715689 0.529158890 -0.055347975 -0.303656161 -0.526989877 0.819812477 -0.224029392 -0.009905502 -0.073172174 0.218857035 0.973009467 -0.074546233
0.842730761 0.534806490 -0.061537802 -0.311954051 -0.533426821 0.814171791 -0.229303479 -0.009723689 -0.072530627 0.226067007 0.971407771 -0.079418704
0.842412472 0.534991980 -0.064224310 -0.315019906 -0.533974230 0.812894106 -0.232539758 -0.007827297 -0.072199352 0.230188519 0.970464051 -0.077290669
0.840608716 0.537304223 -0.068419509 -0.317215294 -0.536979854 0.810156703 -0.235156834 -0.007694434 -0.070920222 0.234414771 0.969546318 -0.077273093
0.838733792 0.539639771 -0.072900988 -0.319212437 -0.540048838 0.807163894 -0.238398284 -0.007648405 -0.069806151 0.239322796 0.968427420 -0.075308822
0.832222700 0.548692942 -0.079633340 -0.323495865 -0.549677014 0.797727704 -0.247963011 -0.007252485 -0.072529837 0.250133038 0.965490997 -0.087720774
